3944
1310
3211
1232
3804
4962
266
2822
3315
287
622
1818
2592
598
726
2161
329
4413
256
1388
3988
2975
1807
3633
1376
2081
1531
2704
3670
3993
3764
4898
1878
4652
1318
3746
3585
3759
197
4831
58
399
2063
470
3923
3623
474
516
204
887
3494
307
2931
23
4584
4340
1001
4745
4277
2134
2340
4507
4915
1746
2256
4861
4788
1457
4399
3232
117
991
1817
1154
3816
4428
398
2263
3878
4770
4957
373
1759
3811
2879
2555
4827
3173
4312
1956
550
521
4247
4066
3903
211
3532
1327
1653
4688
379
4833
780
2231
150
2537
572
2899
3898
1790
86
669
4617
401
3972
4573
1553
3715
1235
4223
1761
1869
4227
2186
375
1718
39
3691
3568
2123
3879
2163
2695
239
511
3242
2341
482
2232
4554
3069
3453
4071
3437
461
4058
2415
3133
2593
2897
1122
4287
2432
3926
4269
477
2769
2354
3942
2187
4752
908
2396
2506
4644
3213
2598
2469
640
716
4032
3273
3949
3741
2835
818
1281
4179
4818
1144
3711
2385
1584
2443
4960
4146
3005
3727
4562
315
2693
3712
2514
4216
926
1239
1214
711
4107
4524
468
2153
2729
1756
2998
2566
8 
4783
1989
4878
2328
3049
2852
4314
4302
3590
4051
4425
1142
4569
3053
2082
4235
1236
2716
1703
532
2221
3817
2520
2558
2857
741
2703
4709
4571
3561
765
162
2447
2837
2916
1966
2867
1779
4900
187
2937
2987
3636
4329
286
1138
2990
1221
1004
2866
3039
3592
3484
911
3874
2084
955
3390
1114
4236
592
4684
2167
4492
216
4122
1643
2348
77
2754
636
3187
2564
4736
139
1735
3511
3849
305
4084
2733
3823
2257
2919
4754
3688
4863
1105
3774
4598
3737
4187
3432
1926
4232
3851
108
320
1847
3678
3150
2408
1073
673
909
429
1195
2873
3045
2988
2563
1834
2504
2021
841
4164
4967
1680
4191
1006
3166
3121
4190
1494
853
799
3813
4217
1112
3047
2800
4853
4872
3779
3377
1839
898
145
790
2829
194
1712
1525
2044
1854
1193
303
4181
700
4551
1028
2623
4432
642
918
2032
2483
4790
919
3646
938
1576
4711
3108
1923
2571
296
2074
1413
1717
2273
2062
3595
4374
3015
230
2100
331
1914
1948
1765
4609
2324
2958
1259
4751
274
3547
2780
1230
2583
1969
1935
1881
4132
4125
2821
2479
4710
1349
881
10
2657
2663
2291
415
2276
1911
3316
1252
947
3346
2133
2624
2601
3673
869
1962
2760
3798
1884
4670
2986
1438
1228
3749
2423
2314
3668
2732
4692
4273
122
220
1849
2183
3466
2282
2921
3961
4944
2120
2401
1096
3048
4193
2808
3881
583
1647
871
2284
1846
3714
4690
3895
2019
1633
2567
1502
1353
14
2177
4993
957
3763
4016
1912
83
4172
3435
2955
3139
1092
263
3395
3541
2935
4807
257
3651
588
1900
3311
2554
369
2607
4737
1635
4476
877
3669
1523
1749
1636
3581
3003
829
2097
4011
3897
2476
2126
1770
2964
595
1032
4419
1359
2602
793
3674
4352
4607
1528
386
4966
3932
85
925
4248
747
4189
184
3066
1298
2522
4408
4288
1542
4730
1167
3289
1302
3199
483
4175
2499
1920
130
4560
2523
3776
812
3537
1814
582
2473
269
1668
3522
4461
3672
2562
1292
3358
2435
4463
3877
278
2531
2031
1964
3138
1996
1889
1465
1423
33
3557
2222
4682
4793
3324
817
4671
3921
4171
963
4673
3353
2368
2192
2462
1416
3782
1930
4446
1153
762
3247
1488
3314
3013
2647
3243
4047
1567
2713
493
4744
4224
585
554
1211
766
4267
2641
1880
4243
4376
352
2784
1165
4346
1342
1265
3803
978
2811
1444
1420
2698
2189
4067
2424
3456
479
544
1289
537
3140
1471
185
488
4297
1571
2845
3663
153
1517
759
3434
49
3431
4250
2707
2017
3241
2766
3041
392
3835
210
3430
343
556
4460
3501
2844
3708
4441
2024
3356
4377
2638
1115
3772
1256
1980
1773
4046
723
4452
3295
4263
4006
1856
2772
4358
2948
3858
1658
1362
2072
2107
4879
2731
3848
3001
1464
1599
52
4059
232
4310
2119
4760
1733
1347
3073
1442
3528
1781
3021
167
1022
2105
1093
87
1104
4348
4927
3302
2582
1529
134
1206
607
2143
95
1855
4004
3088
2992
1015
1778
2264
1791
1555
3300
1474
1261
3556
1842
2635
3687
1196
4025
3483
1688
1954
4005
2300
2474
3505
1885
3459
4976
4653
754
809
996
3050
206
4174
4928
132
619
4729
2061
3148
1389
3318
3182
372
1360
1059
1792
1559
4795
4796
2709
4262
4869
3141
430
4992
3896
2947
21
1069
2513
491
70
674
555
2668
652
3498
3977
2055
1012
2209
4959
3361
3268
465
1305
2685
2470
1821
831
1209
3510
1149
290
1642
4501
4727
4049
208
2429
4192
3192
4526
1375
4237
348
1905
1067
4420
2710
968
1677
4696
2130
2165
941
4857
3226
4079
1155
4546
2345
249
1441
1606
2892
1661
300
1418
1893
3917
4137
2734
2521
4886
4799
2253
4045
1973
1646
2972
3694
4467
400
3237
763
4515
2356
3527
1364
2493
54
3036
1152
4482
617
2675
3998
4677
4455
821
339
2054
2 
16
1780
3449
564
2658
4856
3745
1548
2858
283
4289
4055
181
3981
3752
4469
2330
242
2918
350
1414
3436
621
149
2796
1583
1976
2650
3724
4089
304
4504
1044
1094
31
4517
897
2436
4641
1811
4785
2502
135
3927
1946
2129
3538
964
1862
3785
1010
2016
3800
4801
680
2085
1240
4909
952
3291
4938
9 
1312
2956
3891
3177
1762
3491
4836
2015
3100
90
4772
4024
998
4456
1007
2050
4405
2777
3872
1242
4610
3146
3111
832
1651
4600
1462
928
2477
3735
1186
2642
1273
2171
4104
888
3825
2699
808
212
3228
4544
1172
3513
4552
4009
76
1617
1248
2245
2180
563
1201
429
